100
0 422 196 146 6134 1522 4738 198 2288 2268 2428 751 625 717 3069 1368 43 9358 1808 8549 398 1494 1847 742 4048 5561 383 5046 110 8461 2849 935 7707 425 3652 1227 1137 449 93 8381 5469 115 2076 615 104 1884 116 331 756 720 3045 1447 882
1 3912 946 58 2902 240 166 8734 162 596 1089 377 210 2572 245 102 3198 61 64 1290 123 1468 4040 940 485 5367 1572 186 91 549 339 2140 4703 231 1679 88 1632 288 684 6628 7292 1388 1597 44 159 251 199 178 92 5247 4589 477 404 75 1440 1420 253 9030 180 86 252 36 85 396 281 5515
2 3244 8 22 9 316 1756 6 148 7 32 4 5 751 62 2 3 12 30 145 0 61 940 1 58 252 253 56 28 5659 2264 54 329 1524 27 24 102 25 74 268 103 410 23 797 44 737 35 20 45 21 70 14 18 184 19 16 69 41 13 126 17 3774 11
3 459 4009 71 106 2696 408 1772 9906 165 2840 253 2738 907 252 130 715 2992 915 1549 119 3097 364 4361 447 725 8466 125 1456 144 38 147 235 142 290 96 92 257 256 7924 101 590 2191 896 1041 100
4 35 993 228 225 9464 229 1843 8518 779 9290 8901 3654 402 1863 308 6913 1257 7287 941 589 3689 91 908 1623 3056 7313 2143 3175 9017 1336 1628 319 4791 4157 2706 105 222 387
5 552 72 138 149 82 37 2614 147 36 24 1173 285 977 95 245 329 69 120 9447 92 158 157 46 102 1183 184 90 240 87 155 255 500 54 650 42 6698 164 70 252 97 52 135 40 12 4089 1495 249 29 65 8 19 107 62 3849 621 1541 61 78 390 1153 31 30 611 566 86 56 815 28 112
6 28 1122 29 1184 280 19 72 16 2076 78 2 135 22 442 1310 23 1476 40 859 20 41 21 10 176 1334 17 120 44 8 45 9 14 56 15 907 145 12 30 13 58 0 38 5 148 112 3 11 585 18 1 2371 6 27 7 193 24 4 164
7 4 4371 63 35 7 148 107 62 6 78 355 56 28 0 145 72 524 3 58 30 2 102 74 69 24 55 27 126 303 44 21 121 65 20 23 22 139 17 166 5429 16 57 19 18 13 1 1315 12 229 184 15 316 725 14 37 9 158 290 1452 8 4023 253 197 11 38 356 10 110 5 331
8 484 4525 301 385 89 1134 7033 6837 280 8149 52 9356 42 3179 309 2158 2960 1137 187 121 8819 7269 64 4864 3747 3517 1754 2430 25 735 5011 2171 331 135 212 261 3302 1287 290 815 216 1189 4517 265 3692 436 147 105 3961 5311 1735 411 1581 4885 1292 275 2608 984 869 415 300
9 88 468 95 2700 299 355 2735 2616 232 121 3024 158 2820 2562 67 268 157 7518 1412 4962 5605 5200 65 417 70 6234 574 69 97 163 7401 6729 162 403 5349 1723 899 249 73 2079 7878 1106 20 720 1388 342 1077 72 516 1510 727 2955 166 4390 784 725 5621 7147 432 142 59 636 115 176 869 114 4421 6718 2136 1312 409 290 2258 56 1757 2726 524 4308 552 1756 2170 873 762 201 442 267 229 8034 2140 6304 117
10 240 849 6951 739 626 25 256 6 5926 1667 1275 624 4210 5516 4 1737 9053 715 638 3071 86 7959 9086 38 1327 131 176 3 72 2820 2872 1131 1447 655 34 160 265 152 382 310 4978 2138 4430 13 824 1524 3477 5268 135 198 147 1707 2088 694 5031 1826 4317 3424 1541 2668 18 128 1575 482 17 957 53 356 599 598 2871 4985 28 2905 595 243
11 2261 65 28 56 136 39 111 58 139 38 60 290 63 585 7559 709 48 51 1122 117 316 125 3457 52 80 83 54 126 41 356 206 40 112 164 236 42 650 267 653 73 6656 145 44 72 1183 197 410 46 33 371 2614 32 27 8992 79 301 442 34 494 372
12 1591 90 5634 42 1850 120 731 3379 121 1263 267 122 80 992 60 1401 32 196 878 3483 61 355 33 1310 118 26 62 34 119 443 63 35 229 79 1077 554 662 632 175 74 168 170 48 393 659 4977 1298 1613 158 595 51 4514 624 805 4500 390 245 2153 3818 95 46 7929 103 88 2177 2757 155 2112 2148
13 414 3659 230 1828 3257 6480 3041 875 5446 4162 567 1271 120 2464 140 109 1438 72 3648 3943 1156 3096 2185 1042 93 731 2049 1540 6558 919 3572 199 358 1407 1445
14 154 3182 450 2126 47 708 4594 236 1104 123 201 120 8076 825 49 1324 53 2205 3239 807 143 1149 245 64 101 3516 1768 5721 34 26 249 3591 9559 349 28 3773 291 5850 396 1627 289 1097 185 40 475 6979
15 199 5 4 193 7 27 107 6 26 126 45 1 138 0 5482 309 120 3 1263 2 7585 13 468 69 12 1597 15 42 14 9 17 709 8 164 11 1766 54 10 243 21 20 23 2700 6668 22 135 155 78 968 4288 2291 16 72 63 19 280 18 131 74 57 29 36 28 84 38
16 807 50 3500 3698 2268 762 3715 7791 5484 6031 2767 3243 6630 143 461 659 288 1136 1754 167 611 1313 224 256 634 258 191 933 3943 4974 332 848 2857 1590 109 39 5791 6565 1207 1100 417 49
17 1591 2033 2809 361 36 1554 119 62 3306 4063 510 5893 454 273 1030 5218 9470 355 30 85 4343 29 665 84 1352 583 4813 637 4167 1429 4497 161 356 6049 2296 9351 694 97 4807 1185 186 5278 4335 346 96 435 6378 879 3923 210 8015 8152 536 245 2145 1743 4607 763 9927 1270 5404 561 2232 159 686 2342 731 3977 1584 3540 6369 238
18 583 77 7984 335 38 10 609 1973 175 34 231 60 79 245 2657 1052 280 879 6787 8703 138 417 389 26 211 55 910 7557 3410 96 2207 4102 4301 162 68 122 3751 3158 439 204 161 48 46 615 267 207 114 585 152 1604 43 15 37 720
19 1529 37 981 1612 8 746 480 2079 536 871 39 67 10 66 8933 69 12 9732 290 1896 70 764 126 2374 545 2391 19 47 2348 184 1900 74 9081 20 9768 298 992 22 300 134 800 78 1128 1799 861 110 138 1548 1689 250 778 168 309 56 33 1762
20 7048 97 1290 8454 595 624 2153 3718 4225 106 7081 849 2930 149 148 3198 75 3286 3483 170 151 2047 2591 33 3052 4688 2298 3497 4067 632 35 80 172 709 1168 44 147 1052 2659 69 1169 7069 45 1591 1702 249 5329 1768 516 1638 112 436 6362 4171 9519 41 1771 42 6373 1117 1412 43 1001 88 4662 2150 3441 125 3172 3533 4408 164 184 1225 48 7347 232 2849 5526 805 5514
21 747 218 526 253 110 53 5554 252 87 107 1128 398 49 6115 1332 207 310 2264 2573 3158 83 1981 81 1610 146 342 236 7242 1482 2296 1888 71 403 4247 233 3600 1809 2285 494 134 1089 124 5482 47 103 878 3880 325 1350 1513 737 594 3262 4413 1152 187 43 119 797 5985 164 3398 77 513 389 409 162 501
22 805 7508 2848 193 240 309 843 198 3211 3424 2402 303 501 224 1770 709 583 9425 114 75 2045 115 2768 776 7624 2304 480 339 1128 977 6379 78 703 1310 132 63 650 2163 280 513 331 2503 117 1132 371 211 66 61 429 4226 51 285 253 1930 859 476 49 708 1290 8955 7293 1173 187 389 1437 737 68 157 3884 731 97 2818 207 59 9517 6404 46 161 4609 455 88 6035 459 442 277 625 3379 138 468 5110 2741 355 299 3543
23 8802 536 572 46 199 6644 2579 81 1429 2169 83 42 611 195 1959 393 3839 2653 8116 60 253 35 1981 252 34 881 70 671 142 7658 4994 2198 426 67 1412 909 595 66 275 554 138 57 56 59 264 95 17 2187 343 125 4864 55 3700 3284 4350 5336 243 85 2142 121 161
24 1793 91 6138 271 92 6698 1334 1119 204 769 2136 1184 149 48 95 2492 330 104 1572 3483 3046 50 388 632 52 426 1174 708 2060 542 73 54 112 3706 948 1195 873 1629 285 1284 612 32 7086 1321 977 7373 1584 6347 80 3563 34 229 6238 5333 2168 27 175 2444 382 231 84 825 900 122 8450 86 8139 583 31 123 9335 103 621 88 1151 236 1930 42 940 725 5643 679
25 7354 3964 2709 602 73 267 1048 2587 400 249 8360 6534 2175 74 176 3319 1554 1667 3747 4724 577 469 70 3251 2420 4429 1478 538 2582 309 9205 1307 2191 880 1174 542 4397 161 850 390 55 849 1222 1645 425 4100 166 952 694 8243 157 7382 595 728 393 101 1112 330 64 1126 240 1524 857 7773 26 69 9677 2106 3196 3139
26 63 19 16 72 61 17 114 1656 28 37 84 57 6 26 82 7 27 4 24 299 797 5 25 5959 2 4090 907 3 0 20 120 158 1 187 14 70 15 12 1388 13 6577 54 10 21 55 152 11 161 8 9 131 22 23 18 199
27 95 7753 197 1412 343 1106 25 1522 4554 107 4510 524 443 299 73 919 164 84 739 513 48 909 1954 849 4962 110 7915 8215 77 53 187 40 135 52 5313 646 43 78 42 2116 5295 901 6668 631 2780 157 574 4403 389 679 3266 122 395 34 60 815 2627 1117 147 552 2296 4978 1365 8761 228 149 1221 112 151
28 10 268 11 35 32 4 21 252 6 914 78 253 60 83 0 552 61 1 148 1583 2 102 74 63 1917 3 96 1506 29 58 621 31 52 329 24 164 55 44 45 612 121 22 23 309 12 135 13 17 14 653 15 8 9 184
29 48 71 510 393 130 4044 330 391 329 126 243 1000 270 274 35 156 650 92 32 355 880 118 231 442 151 89 496 178 290 962 681 59 58 1697 57 146 487 56 196 55 727 140 2298 139 81 76 482 51 74 223 335
30 8241 625 7 40 41 2385 5 2048 256 2427 7774 687 9 14 715 16 9246 1933 8365 9360 58 1132 610 56 112 274 21 275 4429 62 26 27 8875 146 76 1979 234 1210 199 4801 35 196 1610 2 236 149 36 0 201 1 2076
31 24 138 27 554 2504 4 107 7 404 197 45 1 199 72 44 0 1065 3 653 74 2 1106 41 13 4487 583 83 55 15 301 161 549 14 21 9 135 20 73 8 23 309 22 10 5091 17 16 30 253 19 1734 252 18 69 5 29 96 65 56 31 356 58 148 37
32 6 117 34 78 285 1200 7 4364 35 5448 426 25 37 148 65 28 56 3110 16 69 2402 2486 31 253 709 60 2614 268 18 62 102 19 3160 63 797 20 131 2841 9 21 10 121 549 22 11 23 12 968 13 41 14 1315 5921 82 126 55 900 83 0 5051 1 199 184 2 74 197 404 114 4 5
33 41 9933 96 599 40 8488 598 4953 5150 252 90 102 9572 46 1807 88 681 3119 44 95 2214 123 3455 1365 34 432 92 1468 5754 32 145 482 83 1951 4172 9896 82 4820 7387 3600 1384 1011 80 3198 3447 86 3097 114 1583 609 316 30 73 267 112 3639 665 2444 3248 56 686 9365 224 231 2521 1376 299 61 2274 961 51 995 49 8751 2717 301 3514 356 55 3774 5395 3053 6539 1114
34 21 57 14 18 1575 15 19 12 16 13 17 10 152 11 8 44 9 45 6 121 3514 82 7 6604 681 4 5 41 1106 4977 2 1809 38 74 4895 3 114 0 1 178 73 35 9894 3441 665 29 69 62 27 63 25 268 65 2713 22 58 2153 164 20
35 2576 444 2148 344 272 3332 4710 675 3983 159 108 385 829 388 277 198 39 566 300 6644 4358 482 7970 969 5552 4164 1607 49 1494 3011 1883 5221 64 594 9713 3190 1186 5158 6962 26 7718 519 1452 8315 8030 1150 6059 7537 6137 454 8973 4410
36 9040 1080 998 105 9246 1936 1783 751 163 712 1528 396 9521 280 1151 89 168 697 1508 733 1404 3003 406 2810 979 2180 616 4984 68 5041 1351 3563 377 2979 469 9562 434 4070 1098 85 967 2739 1966 3996 4919 353
37 2430 371 2248 303 8702 6762 204 31 51 5069 681 410 2073 30 594 50 49 166 2147 6577 3097 236 66 102 2612 24 1089 140 151 2444 524 647 1343 76 1256 6523 56 137 1446 9346 5084 356 1762 73 880 8044 355 859 1027 36 119 107 252 1985 118 4864 198 158 496 5862 653 1222 176 195 231 155 154 968 229 228 587 395 1921
38 496 73 809 24 25 170 77 30 5803 66 56 57 62 19 16 3659 50 132 293 20 21 49 54 27 8 768 14 199 86 36 12 40 225 112 5519 46
39 3053 686 3121 797 1671 65 728 546 2416 1292 2383 6756 1546 1930 3983 646 1226 1667 1520 5546 5895 803 2523 7593 301 1369 566 84 267 524 2688 193 2088 5480 896 1723 5921 439 1019 2138 4768 4089 5391 613 346 977 1251 615 62 979 836 2889 1153 8334 647 608 7104 750 5381 7048 129 3182 339 2503 1171 747 1395 6234 4302 166 968 189 598 54 9611 68 421 1001 3623 6058 365 4388 51 273 742
40 4 5 1027 79 43 7 972 859 1958 9 1184 538 10 88 487 375 243 17 90 869 14 737 132 96 265 907 1263 20 210 21 22 482 23 60 25 388 216 2120 27 277 68 33 777 106 0 38 2 3 13
41 34 121 650 28 39 37 199 2134 43 197 7546 2076 900 1173 51 2504 50 4859 155 49 3661 4099 206 8672 1408 1679 55 64 152 329 53 52 5801 316 372 389 131 554 57 74 476 73 4364 4142 253 63 2759 3884 119 83 62 26 82 25 117 3135 60 382 665 31 132 549 224
42 294 2862 135 9517 4676 1387 9701 280 489 161 2816 9749 28 175 478 935 172 4537 5973 332 67 342 170 3585 211 1656 708 8911 990 331 634 2291 65 140 7360 5982 138 5860 159 482 1771 299 33 176 249 441 73 1667 451 82 6092 4288 145 1522 52 1369 125 1019 684 4568 1263 356 1789 95 8853 1495 2659 501 1643 2425 7854 880 681 90 284 1256 8364 1184 162 8654 1611
43 1513 534 77 1161 1988 1876 1330 6258 1807 324 1333 4021 234 6045 446 53 412 3532 755 2169 1436 155 227 134 4373 2029 496 257 194 1068 144 1274 219 149 168 1723 502 1128 664 2526 108
44 4589 4089 8 1651 6169 110 92 595 151 1476 1674 229 201 498 2563 2196 2091 8739 8480 2698 147 1904 56 2721 170 1002 86 171 5936 587 3970 1052 164 750 24 330 1017 2577 716 8541 747 2298 1826 107 7959 5210 1270 742 1933 2293 327 404 7594 4817 7869 2823 9459 708 519 75 1379 6228 40 12 1401 1070 901 1204 789 2707 4532
45 19 309 2513 18 135 45 17 44 16 6698 14 114 131 41 13 158 6459 12 11 655 10 82 37 9 1482 8 253 7 62 6 5 4 176 193 1387 3 148 103 30 2 102 57 29 1 1122 28 0 145 55 5661 554 26 1954 243 1881 70 332 69 23 74 7055 22 120 21 121 138 20
46 1692 1502 7408 145 150 57 1168 3378 280 105 651 205 60 88 183 66 11 122 485 739 5720 93 42 128 15 289 1155 817 294 873 267 69 4148 210 387 1270 166 45 1903 327 983 824 634 107 104 4372 549 1161 111 329 884 1324 979
47 71 52 1967 3514 55 126 65 54 5182 211 6684 139 120 138 31 25 3448 96 6930 429 2685 503 144 37 57 5910 183 36 995 39 424 85 1171 3106 107 86 106 1200 224 5990 83 614 47 82 129 2208 517 3483 3621 4336 519 43 9054 4063 3142 140 482 160 53
48 4157 103 990 81 404 8454 348 356 1809 300 2825 1601 198 1023 841 199 227 114 3684 30 2905 58 8355 583 39 1283 745 2593 1312 74 3708 175 252 119 398 285 104 914 48 5209 134 7569 782 211 2249 545 751 79 329 164 6057 4247 4497 2955 274 7384 1510 4672 5843 2148 3923 68 2198 5124 1593 1384 146 97 496 335 3166 1575 148 176 92 309 4799 665 1344 178 1554 2920 3692 8334
49 15 14 2371 42 114 13 899 166 3923 84 1352 3 1065 2 1 45 0 72 27 7 35 6 5895 1604 25 5 4 426 229 316 58 139 38 29 57 138 65 28 4613 137 1671 7709 18 70 17 61 69 16 97 60 8450 23 1122 22 131 148 21 907 121 9957 120 11 55 1440 155 9 331
50 3869 54 885 8438 1524 4995 216 1275 1599 133 1376 301 444 51 68 445 2453 128 1482 1232 443 734 1269 155 2513 4619 926 8643 587 817 125 739 240 148 455 2292 1891 146 1665 8992 2787 333 6755 919 3443 117 390 391 2688 76 327 2941 175 228 268
51 5659 121 0 28 6877 1989 146 2 30 41 5 187 4 1826 1387 7 268 910 6 45 9 3046 2613 155 8 3 11 329 3923 5031 10 102 13 5501 12 63 15 1159 2148 14 371 17 977 16 2818 72 19 18 725 21 1745 20 9365 138 23 665 58 22 2500 197 2420 117 1692 1225 24 2826 5603 35 4946 27 198 1 78
52 868 143 4025 252 4849 861 509 64 2442 1702 3999 110 300 6514 1088 2190 1469 105 1862 197 6388 951 1465 6376 1096 6001 47 8955 5175 5069 383 2164 2275 43 2175 162 9946 4277 397 244 1186 365 1950 1805 6180 1153 587 1417 1012
53 8 8309 6051 184 8660 3054 156 79 325 7862 3102 1495 7712 4478 48 119 118 74 1894 1434 948 2744 3358 31 171 1721 114 679 1510 5205 1106 112 1408 4977 140 5603 216 6126 82 195 485 4848 138 1958 238 342 103 927 9225 5150 800 178 9542 1171 7291 6092 382 1296 6035 71 3038 91 98 873 70 1571 1704 246 3395 12 1077 4525 55 899 999 1294 54 110 9551 66 243
54 2316 2612 2902 158 621 655 290 561 962 125 4225 884 176 156 1489 288 115 1495 346 3887 383 180 928 797 104 1607 231 1568 5011 81 110 1052 137 1184 75 198 480 84 109 954 451 2291 636 484 715 76 404 2000 77 3141 331 624 1001 243 1321 737 4881 123 234 210 273 663 509
55 7293 725 117 187 8094 609 485 43 88 909 650 1344 300 253 4148 37 1334 183 348 1223 3244 720 747 173 10 443 268 3774 176 33 175 32 867 80 632 2651 1737 3477 83 900 264 410 1587 552 957 978 370 146 115 1434 6887 164 332 549 764 1270 3008 161 599 1502 1263 684 8147 65 5603 330 1184 189 67 662 468 325 1283 1089 121 880 44 1151 20 51 309 123 1495 225 22
56 468 1697 948 146 2858 325 805 2451 398 250 355 195 223 78 3006 151 9915 196 3756 35 331 154 183 1287 156 184 2282 1840 7499 289 3057 40 203 131 187 2810 789 115 2943 410 90 118 46 64 137 370 707 211 66 8702 167 1194 914 140 825 98 126 5276 624 8402 2431
57 50 49 20 48 6616 27 132 3975 375 26 54 82 25 53 480 1506 52 31 249 316 429 6986 30 114 671 3831 484 28 84 197 7 4618 224 147 62 404 5 118 33 7918 2348 3807 268 38 566 37 65 117 36 3613 43 176 126 2120 968 19 152 2683 18 131 16 44 6979 135
58 442 42 95 5838 43 92 4133 720 6756 70 1612 285 1228 1597 88 52 53 850 4104 429 1284 880 29 8430 329 161 4417 342 138 671 139 60 175 6379 25 38 1521 58 666 289 36 56 171 869 3768 665 909 35 84 32 2659 252 33 144 7279 119 178
59 14 1805 1 216 0 3 8146 646 2 746 1480 2980 5 114 4 6134 8138 7 6 6246 914 2692 305 2231 702 6335 16 1745 19 18 535 2956 12 762 9 21 1011 8 167 11 1972 23 857 22 1385 13 53 871 933
60 1131 1927 404 158 163 297 55 1260 101 3126 96 3319 836 238 42 232 95 3455 3839 5661 235 90 38 390 176 137 763 29 33 6848 1799 231 122 123 80 948 81 216 72 5616 40 310 409 6577 114 212 111
61 365 7672 476 213 1506 362 285 1352 3215 135 815 206 205 19 126 2147 53 89 125 52 87 389 545 235 9311 157 2976 422 619 574 42 5751 51 81 117 40 193 75 240 221 487 566 33 2538 408 8272 444 5773 142
62 919 138 1161 5626 2858 56 139 4413 5634 102 3400 3428 62 75 309 147 5876 1881 1275 382 2475 3363 245 700 2521 4606 3044 1283 107 2616 5395 6379 7624 3870 110 982 672 87 2841 111 236 5887 112 183 2143 118 151 332 7454 3345 495 2423 2698 3270 439 662 9634 9208 2106 5931 3927 4982 9502 1826 443 1122 1012 5296 1401 65 3561 1187 3704 53 2785 348 303 7966
63 2158 2359 1054 2683 8947 31 108 475 3248 3478 355 971 399 557 106 4880 735 3423 5448 8543 976 4336 6481 206 5779 1362 8402 46 159 4364 401 900 660 121 715 1495 257 3642 1370 122 327 1019 447 66 1123 41 40 1303 255
64 265 181 6290 2145 6767 3317 461 146 183 5055 505 1005 9584 111 969 397 1283 784 2705 60 8271 157 100 246 332 962 3358 2238 778 3032 465 224 2177 399 206 7837 6769 126 90 324 494 91 193 1930 46 379 296 327 9305 408 4342 3211 348 542 301
65 46 65 3692 1491 6459 64 389 3769 70 503 34 157 69 731 33 410 144 183 206 39 8761 6222 3033 1017 2052 88 139 849 59 432 173 9572 482 57 119 3293 82 395 117 2132 5429 166 7151 2791 6147 86 1385 129 72 511 7275 97 890 155 342 103 1679 47
66 6131 7674 2491 7325 136 236 636 8688 1413 94 3205 485 5902 457 292 128 288 7162 1564 976 5834 1325 2852 3477 4040 727 225 3676 2922 885 6656 7437 2849 4482 1793 3142 1979 494 101 1087 1988 2509 1686 2593 307 462 244 8342 947
67 71 176 8080 31 637 139 299 37 899 138 36 482 39 1290 38 979 1506 487 119 83 79 1734 118 148 120 82 78 42 7537 7687 1434 4023 87 47 574 152 50 3389 10 155 88 2700 1521 9886 157 356 15 2148 3767 57 158 92 285 3467 468 131 1225 65 61 25 552 519 1387 1881 26 33 29
68 3591 5990 79 112 2487 84 170 57 114 377 236 5286 899 7584 25 3158 81 2216 26 82 1320 6 5667 35 43 468 5350 243 4226 4919 47 7850 103 52 1122 40 12 279 54 372 4266 70 132 1506 1888 249 424 604 6163 517 1428 1395 51 11 67 342 76 612 117 62 2112
69 4276 162 1877 26 243 486 751 3499 5876 2100 3204 62 240 4436 4035 1732 516 171 7042 142 1468 1883 3853 68 2744 1446 6452 1961 1628 1757 1294 9548 34 117 216 2919 2085 824 158 47 185 501 1522 3369 7827 9665 1593 2359 83 6543 388 4834 43 762 3520 3561 54 1119 1408 3266 80 572
70 224 545 14 106 35 15 158 176 2973 13 410 2 3 0 57 37 1 62 26 6 253 56 27 7 24 4 243 485 5 30 31 138 28 54 65 18 55 19 404 44 52 16 69 17 23 20 41 184 21 11 206 8 45 1604 9 132
71 161 3424 46 125 8334 97 715 41 659 6166 96 68 40 3684 9957 8019 881 98 70 4656 4289 6018 4881 2684 210 2572 204 728 1721 34 7373 112 5329 439 2360 172 2304 60 5447 549 2385 2212 815 8948 252 83 903 1272 143 77 170 523 137 2591 7977 106 4221 2238 73 977 1384
72 9613 2152 3016 1967 1353 890 803 1360 1384 397 2218 8629 313 785 8184 1758 1558 9478 3410 7986 1509 409 3231 261 1483 2052 1019 5038 2859 543 7797 2262 1621 7589 1566 3046 1215 515 251 6094 2313 475 388 9359 4630 2433 2094 6655 1190 750
73 4524 138 4320 3818 1195 137 1484 3357 3706 6735 2857 597 1611 1122 1571 1494 8156 9794 1307 520 6518 3826 6188 3403 3824 1558 175 7218 250 2201 1311 1442 7798 2171 320 6589 952 971 534 172 2703 1562 325 1251 1277 1457 8528 2063 4923 619 4726 2869 1386 1472 1114 1065 333 515 5627 1232 1256 162 3131 8438 2244
74 13 22 10 2735 23 1790 11 1447 20 2848 1917 968 44 21 9 3502 18 78 19 659 16 17 625 280 316 30 4597 9543 131 8938 29 62 583 63 5011 24 199 6 2274 7 8 4 56 5526 5 2 1434 38 193 3 468 6097 170 0 1 14 145 15 1332 35 3759 12 27
75 97 503 145 1841 40 212 587 98 977 159 1482 100 346 144 147 125 176 235 112 971 454 583 3676 195 304 335 73 484 1604 679 199 659 49 392 170 2616 8734 325 173 907 172 2448 106 1073 50 6165 257 442 2431 873 356 160 255 210
76 17 166 18 372 126 19 900 12 549 120 13 155 121 14 332 484 199 148 869 184 15 2700 3470 8 4364 9 3992 371 10 1604 11 145 4 112 867 5 3398 6 78 114 176 7 3849 28 6402 6288 0 3182 1 37 389 30 2 8095 3 24 32 61 5313 26 62 27 63 35 3279 20 107 21 355 22 728 2060 23 164 1780 3408 157 236 16
77 1352 3293 1442 254 9710 273 4959 2942 1577 7792 113 3981 8241 2378 4098 1258 305 599 499 4430 2265 1599 5582 1883 651 2657 9360 631 403 7342 402 1638 8733 647 1593 6961 2258 343 2348 533 8332 183 4594 6745 3603 5817 1393 3160 1087 5848 720 1300 5872 2533 1251 271
78 171 7895 9832 168 9888 5558 32 5472 1600 370 1601 172 1629 4452 2162 122 391 1643 178 87 587 176 5616 29 85 4421 5566 1801 90 1597 40 91 2768 4130 96 2523 2282 88 1502 6744 680 186 45 240 3796 261 104 632 1714 443 485 7307 2981 245 3525 3014 961 3706 361
79 82 10 121 238 371 20 102 538 50 97 22 206 88 71 63 98 19 74 37 524 36 56 110 140 410 30 32 107 24 880 211 73 782 44 119 118 112 12 290 87 329 372 485 1959 256 53 331 476 681 52 8 157 2983 55 126 156
80 12 82 126 13 6337 968 14 653 15 69 0 37 1 303 2060 2 268 65 3 63 24 117 4 290 224 72 5 62 3106 26 6 27 7 28 30 316 31 16 17 426 197 18 19 1572 20 41 184 21 22 120 23 44 121 8 131 45 9 102 10 11 686 54
81 22 114 231 5091 85 273 83 10 609 156 44 4281 80 146 907 2433 1506 144 33 1750 632 32 829 432 3398 7234 79 301 1564 74 37 727 1627 139 8094 3441 268 300 235 31 1384 161 67 30 2185 121 65 355 282 55 764 684 332 735 1017 3631 662 850 43 68 95
82 841 2967 247 163 6029 1734 341 5882 105 77 5472 516 7433 6467 517 7253 3457 1303 2282 128 309 1300 914 999 1937 73 625 2047 7677 125 536 339 494 1227 2717 7975 432 1665 3332 1606 9294 3471 198 266 142 1274 374 4018 250 1546 2114 484 8643 451 1628 843 3493 136 426 2592
83 235 50 97 206 162 52 859 3244 501 335 4178 28 31 102 900 267 33 142 2654 32 60 977 144 3420 268 3348 34 147 342 797 1850 9542 372 41 197 112 40 43 227 3194 183 45 88 7315 118 46 2780 121 49 48
84 102 184 4291 455 123 330 4347 166 1152 77 5725 42 776 6049 4266 140 395 1737 1065 451 487 72 3412 53 7908 2701 28 48 3008 229 49 3222 50 86 9047 5276 168 204 2612 1745 60 4432 940 171 289 118 145 36 146 621 321 426 95 32 33 968 1236 34 1256 90 126 914 64 2126 155
85 158 106 1398 183 2730 615 1554 3224 951 1344 1393 2757 417 4606 187 95 23 2065 938 782 164 163 3569 1137 90 5641 232 53 123 970 510 101 2052 121 330 29 544 120 2652 1001 715 240 5225 219 836 626 1222 2397 2432 1292 7876
86 510 11 23 51 9 120 21 14 316 15 13 41 152 164 2 193 583 3 277 0 72 199 7584 1 45 6 34 7 35 4 9514 5 303 26 117 38 145 27 178 60 139 1591 25 58 28 1734 96 211 57 18 62 102 63 404 16 131 8978 17 61
87 346 137 119 552 172 2045 1541 73 5136 179 138 108 1725 2073 6915 663 2825 170 71 632 70 2334 130 371 2978 257 47 3299 1073 1412 909 949 96 3053 624 98 356 2526 125 1334 39 1558 679 33 6045 84 7013 87 995 30 81 3489 1702 2509 4460
88 95 9593 7777 2316 135 660 2492 7734 209 173 210 3879 869 561 1027 278 914 9957 5668 250 76 113 282 216 1420 4500 928 2372 80 957 330 45 5778 6831 7117 83 231 1571 2552 85 510 1223 86 51 5546 155 1468 90 4841 7727 238 100 7481 92 4704 4171 803 554 2212 410
89 227 111 596 218 500 93 348 3137 72 636 1495 9657 545 8790 968 1134 4281 867 178 142 424 2120 726 1008 272 1601 140 485 80 146 4537 5773 2377 187 2941 206 98 6087 3024 625 96 532 1340 436 210 1172 2019 189 1757 1896 245 4048 943 841 152 3470 594 3526 159 4618 7548 5350 4962 156 267 4122
90 42 2371 184 43 157 1110 1384 896 1704 1260 3299 331 2899 372 135 83 132 301 1476 161 52 663 9054 123 51 310 70 140 96 309 88 1016 97 210 679 138 61 110 17 2169 38 139 137 646 638 449 424 4551 29 78 3977 425 76 686 218 4329 2322 3457 47 44 1223 1189 843 4829 6160 655
91 8 20 47 184 10 4370 2685 663 3003 4962 12 2477 119 1227 7600 37 880 36 1452 5850 3244 2020 196 7607 2972 970 9127 3066 59 644 534 647 1091 4131 82 65 24 1691 1298 67 6005 66 2033 140 2492 30 211 421 19 7167 4581 1119 375
92 50 268 54 107 26 8801 166 100 27 545 299 73 32 45 49 132 51 1714 97 442 17 1958 42 1434 715 15 9138 8 236 869 316 38 789 1673 346 120 92 659 1862 122 152 595 210 1583 3299 176 928 3676 3 356 57 29 7776 451 144 1799 611 2067 52 549 24 164 106
93 310 39 59 99 866 58 845 915 549 871 6137 4273 9710 597 233 275 3586 2205 129 201 122 1155 267 5974 49 585 750 71 40 8465 87 4219 3706 1951 107 422 77 95 32 1948 669 1736
94 2819 1008 782 7708 258 1506 146 857 2576 2965 5626 31 557 105 686 114 332 861 830 3458 77 37 5483 5447 152 1783 43 681 4157 80 2360 6785 4425 1031 572 355 8492 824 881 619 7590 3428 55 4625 5909 7971 52 1412 206 735 8993 663 321 402 697 132 1000 1001 178
95 3995 742 65 152 50 211 119 132 31 9039 106 85 173 129 229 58 160 25 24 5390 39 140 183 3199 331 120 342 5442 139 3692 1756 5101 47 257 144 103 7081 147 53 110 2670 97 392 71 212 8243
96 249 5195 67 596 163 1001 13 2818 737 542 504 1597 88 211 455 850 2088 90 201 184 50 140 4632 310 271 95 189 123 80 301 1401 236 609 193 149 127 138 39 1361 86 513 2240 446 3082 2003 17 61 229 1339 285 108 219 424 131
97 1258 6102 426 69 1807 2653 777 2492 735 90 1478 4266 624 734 100 497 5381 285 9630 815 6082 122 1434 92 841 9691 157 345 2889 267 1868 224 4301 47 731 46 86 271 290 879 6379 1200 84 3441 1395 480 78 106 5276 148 176 259 142 329 1881 140 1095 168 671 335 604 363 375 64 4142 102 59 869 173 3858
98 125 1 355 6201 139 175 34 35 229 84 137 2008 32 612 439 121 927 82 5394 26 1161 224 63 80 434 5084 117 166 74 1736 432 114 58 2039 72 285 2478 57 5350 4040 707 1450 18 15 7173 55 7753 249 16 3097 915 103 11 4157 1090 44 2208 48 339 7347 45 6 236 410 198 641 6628 2148 41 267 303 126 147 494 145
99 103 3110 6141 5851 4397 161 249 79 54 4869 686 106 637 84 454 482 58 139 1052 3057 609 61 166 117 60 6385 7234 63 168 119 147 224 62 199 146 33 92 8270 4258 2478 175 178 1023 36 1437 1320 329 8707 39 67 7454 38 915 303 1756 97 3008 503 68 96 1352 15 280 71 1065 513 187 335 285 56
