500
0 1470 3261 2645 1036 9021 469 9807 5339 3469 1815 5005 1791 7561 2359 3084 6875 6472
1 4010 2349 2207 8968 6205 5790 1213 548 88 5171 8699 8987 1924 4942 8202
2 5196 4092 7 5085 9481 5193 3963 9615 5706 5272 5244 1216 6044 5097 1104 7302 1466 7391
3 2784 6956 4727 2209 5827 1640 1098 8251 4541 9351 7822 7296 3697 4230 6221 4662 3453 5300 5622
4 529 6389 7442 2413 5232 9993 5649 1973 8768 9577 1661 3950 9878 3802 456 5849 2923 3456
5 2760 7753 3255 9723 1396 3573 7467 8217 9169 5258 4439 6915 7834 6819 6617 4589 2396 6676 3087 1444 3731 4108
6 7382 5621 6061 5948 9698 6052 6412 2028 705 4412 145 2640 2878 5979 4958 1087
7 6653 2117 9205 7530 6598 6325 7024 6616 4029 569 4744 8040 8726 84 4223 2152 7007 8078
8 3678 1205 5259 1943 9733 8125 654 1183 8696 5228 7050 1615 3925 8487 9096 7997 7842 1452 1084 8279 455 1472 8994 5783 3188
9 7574 8683 3113 2349 1797 622 7463 2712 3391 3176 7669 3102 8498 837 4226 6062 2657 3723 5977 1133 8352 1822
10 1389 5131 4851 697 1303 6762 7672 3729 8636 5981 8348 4569 2474 3812 3859 2868
11 9745 4343 1477 128 9464 1728 889 4170 8190 5072 7399 1157 5652 4429 8068 7026 5027 7405 2105 4875
12 4500 1147 580 5053 2577 8355 4763 6577 4577 6514 828 3073 6831 389 2260
13 4662 575 7837 490 617 5188 253 2818 3313 8089 210 2283 5388 6025 8659
14 1535 2342 88 1159 493 304 700 8277 9303 7228 71 8364 252 5171
15 7829 5946 4151 7344 945 3999 3214 4907 5451 6651 8028 1793 9845 3433 7772 7782 2320 8874 8027 1253 7572 2182 2652 602
16 4904 4347 2065 7888 2881 685 4336 7014 1556 8914 3673 7133
17 1791 3038 2198 6890 950 558 1467 5907 5080 1595 2911 1123 2125 7431 9194 6696
18 7732 8332 5237 7815 9976 9703 4213 7000 9202 3262 6502 4596 6931 5622 5479 9918 3268 9465 7299 819 3814 8005
19 8658 2782 2003 8221 3835 9954 6461 5269 3371 2598 5155 4326 8858 1212 2106 1133 4060 6696 5861 9474 9036 3884 976
20 1031 1347 4126 3320 8041 8639 2272 836 4155 4956 2236 2707 6694
21 297 7415 1580 5509 8455 6400 3222 2324 8017 5065 215 5126 4816 4954 2454 1293 7372 1101 1796
22 8860 3173 6211 7605 2934 4542 4237 5679 1168 4919 7165
23 9689 4306 6389 2451 3790 8754 5409 9386 5535 9125 8344 2527 3418
24 1528 9019 3961 2937 4945 8989 3547 9161 1369 2123 454 1867 2071 1259 4807 9835
25 9008 9583 3105 2037 6774 5721 6701 3913 2005 3679 4666 1408 6323 6652 624 698 3584 8959 1282 4687 8863
26 2445 6785 2595 5888 7553 732 4502 8636 3836 5303 8148 4222 2143 6084 689 8671 6556 3872 3457 4990
27 6191 3122 2597 8830 5941 5412 8268 4556 3174 4027 9982 3984 9496 5643 5069 8473 5834 2603 1394 7055 9135 1963
28 5341 8524 8531 834 2670 8931 7180 1917 455 4784 2858 5747 9435 5632 439 6148 699 1694 4486 4844 1806 1429 5278 3681 8344 6843
29 6966 2234 6787 5275 9591 8293 3167 9 2842 6920 8297 4136 8502 6438 3355 6702
30 9198 5601 2930 3612 1661 9742 9947 8141 1307 671 9505 4796 5772 9753 2373 8538
31 774 5449 7072 4551 1230 7890 3110 7710 4674 6421 8897 307 115 5887 7563
32 3797 3705 6532 2970 3498 8197 347 5166 4985 5108 5903 4626 7335 9832 6330 8174 9838 2946 6374 8040 7664 8523
33 8460 2014 176 4651 200 4091 7281 94 5973 1408 7885 8396 1737 4086 3393 3241 9295 2059 7601 3008
34 4176 5413 2392 4912 9241 2103 151 6884 4513 9930 1799 3360 8792 6485 2077 2680 5417 3986
35 8970 6993 2882 8864 8137 9300 8139 2166 2741 5866 221 2745 7083 5156 8511
36 5912 7802 8639 8026 8689 9409 5505 9187 3585 4412 1271 5491 9144 9678 5109 2074
37 7744 4672 6494 9640 7155 2158 7716 802 8784 5408 3687 1533 9367 5022 2877 981 8071 5982
38 8680 4448 678 6263 5338 2475 1090 5804 8065 7234 8220 7235 9235 7626 7162 872 2652
39 6226 1345 2016 41 7980 2199 6699 7751 3958 1642 4726 1581 6198 6060 1953 9359 6528 7033 4717 3525 476 9707 1534
40 6578 5922 9306 268 5547 7153 8743 8573 3207 3167 1966 6519 873 989 9538 7681 523 7756 966 5658
41 3686 7474 1796 4211 2570 7154 1491 3249 5548 5523 2666 5113 574 7930 1397 638 2958 3286 9622 5661 9522 523 5060 2757 557
42 5009 8593 6555 3362 2411 6154 6193 8905 7141 3515 2697 2653 8954 2278 3348 988 904 5349
43 7920 9846 5594 1655 9606 7038 2705 2188 8557 1508 4688 9719 199 8179 884
44 2510 7469 7581 6964 2969 1853 2382 9212 7870 4148 9780
45 2019 4583 6531 6506 9834 2628 8429 1440 4931 9829 1014 6492 7422 7060 3588
46 6077 7743 8866 8162 3807 9152 8882 3348 8990 6656 3526 8605
47 7077 7828 6582 8031 3679 6285 7922 4547 6495 861 7962 9937 9523 3349 2755
48 3211 1613 5180 7938 4482 8325 2871 8529 3233 9063 4511 5384 3814 3319 8095 9241 3857
49 1962 6270 7434 5399 1789 5890 6587 3843 4259 8994 5634 9605 5450 1702 6759 4214 5195
50 502 6497 3574 6639 1691 9528 4488 6594 1037 2146 6901 2613 1162 2906 6281
51 2768 408 1439 6071 6301 6992 5557 6736 4966 626 7833 5762 8912 5151 5920 7253 7992 1628 4401 9191 1050 1905 9407 3104 7485
52 6248 1740 2717 6938 7742 7699 5106 6925 2731 8332 6456 5038 9244 82 4761 5814 7755 6100 1582
53 8414 4834 9028 9845 8428 3356 8037 7444 7577 8168 1666 8549 6363 3416 9770 6639
54 2194 6385 326 4765 3461 5017 7665 9535 2892 9623 7031 3586 5440 5245 8498 5885 8579 9836 2406 2206
55 7855 9338 750 9120 4804 7488 4854 1110 1919 8144 2070 5986 3297 5267
56 656 5564 3047 5492 6447 3256 1611 7665 8090 5615 8252 8170 9443 863 1262 3566 4787 8702 9921 3745 9056 6662 5418
57 4539 1390 9716 1606 3660 9038 2562 5601 970 2527 5526 5969 2361
58 1770 3565 8756 1565 2677 3732 469 2544 9395 4140 9869 9684 9450 3916 6137 9619
59 7227 600 9840 8368 9738 6897 8752 6224 6898 7989 443 4950 22 6812 8572
60 2214 2206 5587 8883 6800 9892 2359 6197 9859 1016 557 2867 7903 7508 7069 3386
61 7065 7028 364 1813 1122 5301 2007 2900 6241 4419 5470 4972
62 1682 1900 1225 8346 8102 2472 5247 4319 6381 1642 3232 451 983 3950 9279 5224 6727
63 3277 1175 250 882 5804 8953 9370 3907 1785 6610 6087 5497 6464 5390 8095 6541 9518
64 3235 6162 7442 8013 9649 1250 3115 695 7568 5193 5110 2626 8586 950 3144 21 560 2712
65 6539 3613 5226 8582 4219 1546 842 7706 5078 8813 2839 1574 5135 6144 4034
66 7115 1414 1075 413 4156 6074 7447 4377 1953 5014 8527 883 2147 8981 7183 5735 497 696
67 5428 2269 2235 6168 7636 3651 2211 4234 5949 4849 9266 3549 3323
68 6032 9376 9028 7075 2551 958 7115 1892 7718 3961 3084 4080 6326 2764
69 6801 3195 1918 1430 7117 9124 3002 7581 8729 3964 8894 7012 1781 3023 2910 3210 4951 8134 1400 8227 6131 8684
70 1586 6625 7433 6292 9019 7055 9032 8349 2534 8522 3505 23 1911 1119 4367 5386 116 9035
71 8887 6073 2897 8214 8209 2432 793 326 5393 9338 8508 2863 1227 6747 2298 9917 6752 9330 9912 286 136 7131 921
72 4281 7135 4457 3161 4350 6491 8384 6688 6414 4209 4869 9270 5698 4459 3540 6102 9146
73 2788 1081 3969 2768 2681 168 7771 1426 75 9758 4079 3048 6367 2085 5503 6889 731 8053 8852 6623 6622 3263 4995 336 6370 9930 8812 2184 3102
74 478 3213 4763 8325 8243 7006 8701 6267 6499 4888 6298 410 5911 108 164 5631 5923 1776
75 9498 5777 3428 6213 4271 6232 1734 8309 2476 6817 9961 7593 4591 4704 8722 2925 6192 7585 1686
76 3120 1083 3621 4798 1515 3721 1763 9954 7018 9609 9470 7679 7894 6718 9848 9736 3882 4382 3841 1788 7221
77 284 417 8238 6962 5449 8589 8671 2297 4890 3213 6555 2815 4168 6642 8151 7432 84 8885
78 8776 508 3398 9678 3049 8535 9557 9602 8986 9358 247 6316 1678 9387 7004
79 5302 2057 585 5347 2417 7849 1335 2252 6346 1908 4403 1140 9317 374 7205
80 6582 9722 214 9986 8169 1319 3166 581 1197 4831 4654 8761 2043
81 133 9055 7606 7622 655 6640 804 9239 2900 9238 7329 8133 3747 5441 9677 9667 3048 7153 7615 1860 3386 5456 4081
82 2990 6550 296 6658 283 6963 5124 4626 3946 9798 2662 4913 2399 5543 9872 7291 4514 4721
83 5266 7709 9299 72 7187 2390 4320 8022 6952 5411 2231 6615 4533 9111 9548 4986 5982 1780 7078
84 505 1044 1574 9188 2543 283 4512 3689 3022 2615 6116 9636 2699 4842 9025 4941 4852
85 6210 1625 2032 1106 5544 1757 5004 4774 4350 2485 3331 7590 2834 8248 7443 1040 2663
86 9704 2713 5230 6797 5117 4385 7574 3009 2568 6734 3282 7788 6110 6237 8966 9066 6500
87 2295 8736 8622 1218 5825 4100 773 7183 2307 699 8493 2496 5580 9741 1003 5689 1495 5871 496
88 3662 9953 3845 4641 996 4920 5780 5226 6850 5293 6730 591
89 4580 3008 8733 2066 2468 4389 2263 8306 8552 9293 9820 7707 1956 4444 8373 5478 2139 1678 9953 3163 8831 1428
90 1554 8904 1208 4847 4244 8000 4043 4175 7752 1465 2171 6677 605 5555 7924 9483 6547 1308 9841 2266
91 447 8110 2600 1356 1585 1 6403 7202 6437 8976 8604 5547 6221 9761 8586 3092 8836 4147 6067 3053 1935 3545
92 9145 6201 4629 8496 4180 8516 9464 9265 1738 8908 3553 4971 9661 5442 6035 4699 2524 6551 976
93 4957 6187 6393 8023 517 9604 5906 4796 3325 9421 3717 4367 114 787 3278 2465 8208 9555
94 947 7451 369 9843 1843 2052 4056 7090 839 658 9705 1379 7478 2112
95 7203 5856 5287 9850 891 5925 2298 7233 3943 927 2429 4264 3316 3586 788
96 8822 4480 1901 721 2142 7971 2129 9202 7327 7357 547
97 5268 2906 1052 5216 5715 6674 9367 8267 3160 4429 4224 2860 477 4909 7108 9153 5662 1267 7183 5429 668
98 876 8828 6617 257 9692 7377 3192 7164 63 3716 6631 5282 567
99 5685 6344 4330 7907 3727 6185 8104 7114 5639 299 4886 4648 1080 188 4423
100 4160 4501 7241 6125 1192 6705 5390 4364 9500 5194 3445 6752 1498 5708 5636 34 1739 4280 9252 2212
101 5800 4079 7276 9681 5053 8307 7550 4346 2353 13 7439 1952 6083 7355 3276 6849 1492 2604 9567 9675
102 3755 8443 8074 8692 5788 4679 4871 9271 2602 6630 486 3111 9857 225 7312 8329 2647
103 3936 6157 3135 969 3286 7556 4710 6347 726 3241 1411 564 9598 1742 9787 4986 3567 5432 3932 7234
104 2998 1081 5894 6075 9530 5933 3158 9357 174 9943 4400 3522 3909 1750 5863 4808 8939 5240 6537 2293
105 7586 5334 8465 2635 1829 7670 7240 7746 3316 4957 786 4078 3290 8452 8632 122 9312 7508 7975 3013 4548
106 8258 7079 8357 8307 4439 7251 6572 3303 2024 1357 1310 6705 6734 1767
107 8891 8017 9606 8377 4915 1831 9183 2961 8391 3536 1248 9137 3254 5138 2659 5483 8876 9632 3969 8919
108 6160 5704 4326 1195 1971 6126 540 7531 7360 3341 529 849 5693 4302 5006
109 928 7858 6256 2118 6122 716 5396 687 1461 4793 9031 6805 8343 3718 958 8363
110 9886 8598 1213 3504 6567 6881 7284 2294 9411 3490 5141 1581 8351 462 5053 3261 9141 7967 3479 1112
111 9449 8539 1169 8300 9593 4991 7481 2179 5458 738 3102 8130 6503 9804 8078 1141 8019 4474 113 3101 2422 234 2644
112 1503 4304 2018 8932 9610 2634 2278 6331 6949 2331 4823 2176 6373 7127 7621 9667
113 3145 4102 6459 4396 2061 6251 7921 278 1839 5049 882 1071 4865
114 9616 1814 9244 504 819 8700 9723 7310 5678 6586 6323 5514 7874 5063 79 5399 2803 8167 9751 1633
115 5996 9515 8765 54 3813 2290 2218 1204 8146 8652 8441 1631 7889 8870 5966 6850 538 9124
116 249 4938 5152 3530 8145 9746 1134 396 7715 3501 9161 4929 6034 8142
117 9979 835 4456 8308 2823 6516 3024 2013 4558 935 6789 8315 5115 2734 5014 7120
118 3894 1479 2586 9086 9965 7154 7896 4317 542 4939 1904 5387 8295 6338 3058 5636 8027 5773 6643 100 4840 6261 2318
119 2876 2537 2739 1298 5466 5101 5233 4873 4274 9034 8368 176 4814 505
120 6352 3184 2766 9065 134 9239 8158 9494 4112 2226 454 3538 265 6369 2982
121 8750 5913 178 4285 6920 8203 2571 5247 7860 4720 6566 9192 6821 4093 4277 1984 1265
122 7558 5245 1453 4633 7669 7912 5318 6560 7501 5917 9912 468 3451 2932 9178 668 8159 4311 5708 2864
123 5788 7706 5386 8891 3158 2279 4099 2857 4921 5523 1593 6817 4619 7133 9988 9431 6313 5929 6578 300 2988 24 2194 4526 1476 1478
124 2943 8092 4282 6941 4755 8951 1933 3701 1722 951 3981 2464 6262 1259 1711 7072 7734 6896 7065
125 9040 5052 2889 2344 45 5374 3281 6900 9786 9904 5662 4781 8674 1934 9545 3012 1323 8154
126 2657 366 7684 9874 4649 4941 5442 8289 5500 4252 552 1579 5044 1290 4780 9364 501 2783 2165 2171 3364
127 4883 5746 9730 309 5687 2099 1724 3741 6376 9073 9451 8241 7482
128 5816 3137 6262 4948 6954 6609 8811 6827 960 1850 4813 4414 8131 3631 8977 3157 2607 6047 1223 6743 118
129 4423 1787 6181 6652 965 8233 385 1988 351 9694 6939 5207 9404 5893 1686
130 713 4901 5316 9089 9174 487 4481 2135 9327 5198 3578 353 6978 4909 5710 6949 270 5326 8410 5330 3870 518 8985 1295
131 1693 6282 4450 4831 8423 9679 4573 9123 6155 5519 9989 202 2926 4977
132 259 5593 4159 6498 1787 5913 1430 7579 4188 4375 8724 360 3972 1144 8827 4087 9380
133 9576 1290 4450 7425 8683 2227 5176 8062 7389 2150 9132 3365 9323 3747 5068 4672 1896 545
134 7609 3992 6115 2088 434 7639 7513 8365 1215 4386 3481 2777 6427 1987 3528 4269
135 1317 7820 6375 3568 9861 5664 9461 78 7996 7769 308 3220 3653 4507 6809 25 5359 2034
136 6316 5864 6326 1721 2546 8515 7930 4777 4107 5280 525 781 9230 9868 8014
137 3716 229 5367 9462 8587 4880 9911 8736 2761 423 4714 3397
138 7444 2687 8193 3074 1650 8710 2488 2103 155 8056 7249 8181 5559
139 8366 2952 5748 4470 616 4121 929 7628 6937 8796 8609 8890
140 4082 1469 9512 3590 4334 9282 1907 9113 3280 7792 3664 5573
141 8012 2411 1186 7995 6795 5346 5637 4717 8815 6048 7069 6766 6916 2029
142 7178 6089 5459 6302 1667 4614 9517 7408 6387 4731 7472 1112 7626 2736 8405 2205 1156
143 1557 7936 6724 3862 5300 2431 1332 1473 7180 2098 6303 3683 7179 7666 5293 8476
144 2809 7714 3476 8585 6303 5949 5271 5329 240 7288 6982 9584 7461 2555
145 9707 6139 3411 5323 5687 6961 8044 4099 2960 7101 915 5607 6750 3044 4647 8186 6909 7708 2393
146 6355 3621 6480 8172 854 6516 5846 246 7769 6847 3831 3084 8543 8408 2249
147 1963 5605 9968 7694 6113 7351 7146 3325 782 1042 6808 8554 2896 4521 9791 7743 9806 9207 820
148 4053 7325 2193 1287 4707 2240 1085 1665 9652 4497 1696 7193 1252 2183 2215 1383 778 5002 5509 6518 7321 3054 5612 4731
149 6205 229 3060 7599 4803 9710 9407 8766 3089 7631 6592 8358 7547 4407 7671 1812 8646 2670
150 5401 8263 3061 7507 1876 3967 7874 887 4900 8025 3580 2515 5721 8910 822 6523 9433 2797 6744
151 5558 6807 2805 3169 2007 9102 2188 6919 4136 2612 2908 3672 6321
152 2785 2289 3074 1464 4993 5744 8775 613 1912 2601 5407 7487 4347 5660 1335 7379 4043 8845 6216
153 7854 7001 8425 9961 9831 9164 367 2365 1710 937 9305 983 8298 8862 2421 7946 8386 729 9777
154 5762 6291 8433 5858 5840 4312 2414 9795 1439 1663 2965 9316 279 771 5347 2613 5086
155 4923 205 5198 2855 5129 7517 1142 7765 8980 2933 6390 6232 411 3776 5908 4093 8912 6283 8743 6305 1385 7610 7960 281 5023
156 9351 3237 6688 3629 8597 9418 5280 6895 5068 9424 8092 9884 7979 3482 9067 569
157 5467 2869 5929 9681 926 2770 316 4974 135 1188 9026 805
158 7759 5670 1950 4562 9610 7961 7044 3021 6201 8630 1986 7688 854 5989 1049 4908 3869 7400 6044 7457 120
159 3739 1123 6744 2014 3036 993 7673 9179 7428 145 871 5477 5674 5335 5608 1756 6460 5589 5784 7694
160 8552 1471 9023 9732 1531 8780 6379 729 365 4241 5045 4812 4933 3521 2550 3494 8805
161 69 1039 4710 6341 7367 3576 9342 8251 136 5632 1195 1056 7682 2190 3474 5713 2481 914 770 2341
162 3600 5481 4378 9156 362 718 472 8821 1169 9098 272 7800
163 2630 8057 4912 9398 8803 1299 6506 7173 3259 6020 7127 8998 4464 3935 3863 7556 1812 1263 3634 9408
164 7365 5688 9132 7861 4917 917 1987 7932 9048 5465 6667 7163 3326 5698 5389 9114 4505 9476 888 8862 7410 6680 1871 2187
165 4206 5948 2682 8421 637 9416 9829 3998 1394 7964 8688 766 1683 3920
166 5814 3383 5134 2648 4750 3338 5732 3966 5867 519 3926 6088 3781 111
167 6377 3880 1708 3596 684 6 9355 4404 5775 4588 7213 6359 1625 2286 3772 7519 1722 9463 777
168 2792 3641 2437 8081 7087 7155 1608 4914 973 6567 6087 6254 9842 1873 1548 6401 7541 6905 9671 6140
169 6401 1363 2109 5785 4799 1841 9545 5044 291 7807 1868 2049 2446 9015 8840 358 2676 3368 5186 3623
170 8272 3486 9549 5164 6337 2752 9707 397 5251 3873 6636 3089 6344 8850 260 7198 7733 2204
171 1341 9789 58 7237 6257 5814 6236 2600 7652 9501 1043 6092 6622 3015 4797 1064 5609 9036 3163 7598 3374 6861 4622 2326 1391
172 2004 6002 8992 7232 5034 5144 2604 3012 2299 5301 412 5954 379
173 5434 6953 3050 4354 8304 8773 2696 4266 5647 4698 6627 3689 9843 4537 354 7126 5552 1160 7071 9858 4712 8668
174 9706 5077 1576 3883 3606 5218 2698 702 9730 1972 9621 4893 1619 7698 6200 3316 6463
175 2595 1133 3703 6843 9970 6176 8103 3458 250 4604 6327 9369 7737 8416 1004 2515 6409 7156
176 4236 8447 4532 3429 5582 6296 193 9862 1800 2531 809 6015 2898 1343 3990 5961
177 4140 4232 835 4359 3655 4379 2651 4610 400 8155 3937 8829 7294 468 8248 8526 6595
178 3240 1730 8133 9290 2420 1869 7244 7892 4975 6145 7341 1246 1606 1960 2693 8834 2329 5538
179 5099 7366 2453 6706 5831 8332 3691 6426 7456 3116 592 9543 617 7197
180 5335 7859 9392 5520 5331 6188 137 4228 7968 6416 1782 8490 5433 5321 6795 4337 8442 3071 650
181 3904 6834 1694 9348 8676 875 6192 2008 9649 3722 497 8107 2288 9637 6735 3665 2444 8461
182 2863 7822 90 9560 6358 203 7675 8263 4033 9825 8803 1741 719 5921 5260 2529 2643 1213 4487 2417
183 765 1043 3820 3242 3135 3432 7739 9991 2 3812 3329 332 4563 9484 3309 8824 5153 5494 2732
184 6094 1050 5738 4284 7547 6953 8947 8021 499 2096 1276 2332 7045 5345 7902 2467
185 355 4074 1596 431 2415 5563 9650 7005 8468 1393 2519 1641 1810 2818 1644
186 3684 1610 857 8686 2343 5050 6867 4559 1607 5119 4974 8324 1658 1587 5900 5796 4708
187 866 3910 6161 8230 9661 435 507 6555 6454 6616 2505 2404 8841 5028 4242 6798 3326 1570 794 7689 7950 7039
188 2157 2116 1550 1127 4362 8714 7110 4843 7680 9444 3282 66 4896 5030 7023 7678 7027 7040 139
189 7227 6334 1583 8313 6151 4276 5726 6326 1367 7775 4795 1371 9448 4253 4606 5600 7683
190 4866 7489 3942 6274 1125 2246 3269 5215 8904 6623 5164 4949 2621 734 1332 3510 8200 9800
191 3486 2874 7901 7864 2503 8215 5651 2223 5296 4838 6204 3666 7136
192 771 7983 3220 3607 7476 3497 6417 9186 1463 1341 6902 8078 1986 8345 5843 8147 5939 9313
193 405 3207 5863 1041 4624 6928 7342 3072 9397 7385 7826 7454 5481 732 9379 6687 7788 2553 1097 3766
194 5508 1095 3763 8008 6710 7727 8604 5490 307 1814 9510 6048 9219 80 5666
195 1552 4858 1495 9656 8554 4963 4070 6509 2804 3077 6554 2904 8249 5771 8402 625 6453 3202 9615 9311 8966 6291 3664
196 3676 2059 3853 6036 2612 4195 6147 9896 1698 417 3314 6201
197 4690 2579 6934 2010 1482 7622 3895 1884 1617 1092 4259 1353 7474 6912
198 3226 8930 8254 3225 9842 7409 3756 9527 5581 4989 4828 2186 9281 7407 6576 3425 5668 3109 3493 1601 1067 3897 1932 9795
199 5517 7526 1154 9422 1375 9416 8533 9558 9657 3845 6186 2237 5101 3670 4293 6860
200 3135 9903 5142 9908 362 973 420 8556 6875 7177 7487 9977 3100 2987 6058 5080 828 5383 2745 2353
201 4489 2987 8235 8140 9580 8389 2539 7686 4822 2611 3745 2141 2495 7570 1528 8342 8973 7602
202 3609 1060 5313 5922 2439 519 9701 3775 2433 2107 6584 5125 2423 3850 6283 3735
203 9771 8268 9279 1064 1122 2424 5041 4878 3751 2894 7213 1150 7933 819 2562 2005 8871 1656 4686 7419 3376
204 6051 5962 7596 7841 9918 1705 4468 3552 3403 2865 3114 1623 2735 6933 7807 7929 2062 177 8220 6869 5439
205 9493 6641 272 8507 4431 9412 8751 3479 6286 3536 8599 6615 4693 779 7030
206 7217 5391 1893 9374 4520 2533 9928 1585 4534 4210 7560 4037 1769 4100 8236 19 3080 1336
207 4709 2740 2668 4289 7364 4177 4564 4035 9236 1892 8672 8121 8093 6233 4154 3098 985
208 1343 9104 5566 4418 1149 3305 1590 726 7929 4544 7604 2827 7266 3334 6302 9657 5322 4065 7426 2707 4034 269 8453
209 926 6654 5218 797 8010 1049 1835 6333 7254 8266 4496
210 4313 5304 8982 3877 900 3944 9412 8481 8770 4891 3842 9668 2696 2375 7618 1611 9633 4745 9425 4084 1368 3035
211 8881 2026 2125 8284 2129 4680 6054 9041 502 2781 9116 1501 1529 9247 7564 6426
212 9101 8287 3777 9248 6295 1178 1153 394 8705 3762 5553 2923 5358 6860 9114 7904 6479 296 5861
213 5217 2603 5719 2104 2663 1250 442 7007 4723 9238 9405 1784 6295 5638 8866 2305
214 244 4737 6545 8571 4162 9453 2228 3363 6254 4983 9721 3581 613 2055 6659 5172 1407
215 5179 1055 2713 6218 1045 2167 1191 4526 5953 1901 9579 7899 3975 9466
216 9168 1237 3506 7038 1048 4782 2722 4110 1985 9318 1877 5685
217 883 7961 7381 1020 7769 4414 1775 9586 8474 6049 9029 6543 3729 7266 7370 9559 4027 3847
218 8673 5061 8069 5558 5628 6289 9491 3129 9862 415 5773 1197 4967 3362 8185 6853 8733 8135 6913 9050
219 598 2533 3652 7790 9015 157 1564 4007 5873 2055 9283 2377 412 5055 138 5239 9075 4636 788 4192
220 4129 8670 5444 6298 6365 2002 3750 4548 861 5813 6621 1649 9395 6042 3681 6451 8223 8856 4402 716 8702 2938 1864 1401 6724
221 4786 4916 4128 5882 3128 5454 9704 9562 1626 698 3779 5524 3165 6415 7151 6581
222 2566 9172 7944 8601 2072 9119 343 6126 7909 191 9735 1212 2092 4965 2929
223 4084 8798 4025 8807 6391 2214 1097 4985 2008 7406 4494 4013 6211 6418 8205 4792 9969
224 6767 5445 5095 1059 1984 9453 6544 7426 9511 1931 7617 8348 4857 5020 8720 8342 5548 7813 6077 4036 9783
225 480 5560 2265 140 6673 4740 1405 1045 3173 7609 1349 4308 9027 4368 6693
226 850 1364 8838 6124 4015 8832 1847 4238 8867 7142 2275 542 8327 2264 3905 2299 211 3557 3554
227 4077 2910 3719 8083 3750 1255 7886 1560 5088 3866 207 8484 1566 2797 8859 4179 4824 9359 9300 3801
228 2990 3772 4349 4096 8027 2903 5702 1793 9291 7157 3391 7786 402 6195 8429
229 6934 767 5448 3262 1562 3356 1201 1828 5679 1826 8450 9646 9666 9377 2244 2199 6716 8685 9364 425
230 5904 606 9712 169 8098 3956 9188 2232 6143 8975 5206 949 7970 6465 1265 8375 642 7396 4561 7884
231 5693 7270 1406 1329 2404 8728 6299 102 9440 3726 9826 8418 5543 5506 2699 6398 9422
232 9163 6003 8564 9926 4632 3433 617 6320 6922 5867 4117 5120 5838 9369 5526 3186
233 5680 663 2128 9261 1778 4746 218 7817 5435 946 2454 2872 9138 2576 5592 116 8377 1980
234 4421 4990 8419 5917 8052 9384 8111 3700 9215 9758 255 5099 5700 9264 4875 5604 2650 8400 2324 7316
235 1366 3817 9816 8532 297 8118 5009 9666 1347 5583 8373 8015 4959 6122 6894 3948 2185
236 8491 621 8863 1754 7099 7498 6510 9109 1327 3079 8608 8912 5470 5683 1234
237 1017 5295 4020 6981 2384 1500 9010 8037 3579 4057 2516 6831 5865 5433 441 3603 5541 8693 1780 6975 5801
238 1480 752 9071 3277 7138 7473 3764 6931 5348 404 9144 5429 4358 9847 609 8227 7247 1132
239 4984 4324 8507 3500 9302 4654 4031 120 7294 5129 8848 348 9873 7134 843
240 5166 9094 134 9115 5042 2034 3827 9042 239 8267 3006 2744 9997 7537 5308 8580 4199 7575 5525 7088 8533 4416 5192
241 2113 5986 1116 7204 796 1905 3715 5277 9845 2047 55 3117 6604 1898 1287 6742 4612 9273 2999
242 5062 2808 252 8003 365 8469 8964 5522 2972 9627 8612 1032 916 7808 6223
243 5684 9772 4278 9348 2886 7747 703 7754 1602 1890 1252 3297
244 7341 8728 1524 5395 1674 2220 6244 9691 5622 3343 7354 5471 4293 8400 2718
245 6565 4828 842 5209 7434 1609 2753 7451 7333 489 1063 1944 9237 8312 3260 9964
246 6018 1849 9217 9603 3550 4082 577 8214 1244 1215 5951 1654
247 8260 9871 7960 3153 7392 7697 6355 3392 3454 5584 295 9735 2412 5541 6530 117 6061 8046
248 3530 9324 4028 18 3046 3249 3657 6802 8898 6067 4282 1441 3547 5983 5839 3290 330 203
249 9071 340 4333 8968 4123 1226 5003 4193 5863 964 7696 6414 7389 666 7509 7657 3151 4584 6354 9181
250 4089 9532 8796 1270 7332 3441 3172 8410 997 1522 8477
251 3543 9734 901 6800 4372 9521 3291 9309 8698 5904 8105 279 7545 7136 3696 2366 3313 7955 2589 1370 880 8185 8748 8599
252 5329 3977 8844 9080 6428 2499 9809 2345 1058 3603 1457 2183 7167 7160 8444 2143 5339 3463 6440 5677 9887
253 9523 3553 7756 6374 9942 780 4851 3811 5818 528 2986 5050 6309 485 1848 8934 6300 9133 3950 3468 513 3648 3203
254 761 2883 6082 6469 8442 4737 7383 6923 8390 8795 399 7977 3561 4456 90 9253 928 8941
255 3270 798 1934 8570 8967 3563 1041 9995 2669 2401 5203 5368 7059 6425 6464
256 1137 6302 4342 3620 8870 1657 1130 9211 2992 3053 5849 9830 3702 3380 3723 4697 6129 1644 8876 9632 2 5572 3856 7320 7791
257 4898 264 1242 1952 6977 4822 2203 6029 9823 8252 7101 9811 8512 7495 4854 8762 7170
258 2852 7922 3839 4809 3229 3985 2690 6164 145 5351 1 5589 6136 8889 1790 8922
259 1273 4223 6759 4278 969 2643 1543 9764 4687 5507 823 29 400 5286 5821 7020 1879
260 2002 6458 5896 3017 4574 2578 2489 1330 8371 5450 2690 5155 7349 3046 7499 9793 6675 5893 6996
261 4400 4026 2704 4494 765 9169 9993 8744 9676 5149 1637 6961 9527 6558 7844 6290 7405 6817 5696
262 8600 5824 8466 5794 2902 7071 9200 7894 5630 4792 2474 8566 2340 4954 7881 8109 4011 590 757
263 9130 9197 6647 6691 7641 7289 9275 9957 3244 6445 4802 8236 7779 6341 5489 1079 4870 166 2962 3034
264 2189 7249 9457 7730 9939 7703 7355 5090 5658 8239 2270 1224
265 2415 1697 8503 930 6918 9325 1613 465 2323 6707 14 4572 3989 4377 9655 8320 3757 9935
266 2927 3691 8460 6271 5910 9428 2578 2522 3945 1121 863 4224 8198 7692 1219 4590 340 1059 5989 444 3304
267 32 6670 4216 3714 9540 6195 1247 141 9255 8111 100 8058 2894 1496 7654 3414 9764 1556 8427
268 406 2892 546 6032 5816 2237 4819 3199 730 1455 9030 1632 1040 8959 8506 8810 8131 7234 548 3539
269 7042 5407 96 2149 6511 4811 6613 4909 7987 4455 8290 5821 3597 6744 7198 8770 5913 9510 9517 1413 4071 8183 8265 9992 6267
270 9435 8014 7022 5070 8305 9110 1989 4069 5265 4361 2968 450 7884
271 3751 2966 5567 1501 6057 7749 5758 3006 9740 5086 1339 3354 9414 4988 4002 6189 3523 3817 7984 5105 3582 3637 9543
272 2260 1923 8708 352 6511 4935 4614 6852 5897 5030 3288 9528 2480 9101 9654 6084 2856 748 6566 8257 6725
273 7043 3510 4691 6620 8447 9114 5064 9874 6469 483 6393 6219 3337 971 1710 3099
274 3984 5569 6239 3157 7232 7186 6196 8782 6212 4837 4501 3491 8026 9702
275 9859 5248 790 4727 3190 3043 4469 2468 9898 8247 4943 5531 604 8514 83 8168 5798
276 4448 3172 4320 1103 8530 5241 148 5019 633 6010 6264 6306 4112 311 630 9932 8486 2358
277 9739 4625 8087 2105 3144 3322 5373 1348 8471 2981 2856 2164 9175 5799 5998 9051 686
278 9750 4592 3758 9585 6838 1538 9582 616 9583 3748 898 5957 7709 7456 5504 5703 3706 4209 7789 5033
279 9116 7868 5034 2627 6963 4807 9336 644 3965 8937 9938 7397 7251 7161 2630 8709
280 8051 1614 7105 234 6942 5934 3023 6728 6924 3086 503 7542 9177 5187 1821 9541
281 169 662 6765 991 5810 3004 5352 219 7553 9383 5258 8961 7875 6038 724 6826
282 2121 7821 3837 1747 8153 8123 1056 2384 6287 8352 2043 6038 3176 5097 7506
283 4356 610 5 3852 748 955 1358 8049 6018 1048 7577 9581 397 2201 8188 912 2346 2407 159 5501 4295 1598 6838
284 4345 7314 1679 3470 4043 5172 1809 7740 2191 7077 1582 6507 8148 6962 5692 4929 8534 4254 6465
285 6105 1737 7627 7653 7262 2918 3331 9245 2177 1787 8042 3215 3650 1248
286 3 5493 7423 5899 3643 4474 3052 8068 6981 7248 9190 8775 7369 727 380 9487
287 3823 1051 2882 1840 4432 8528 6216 301 7438 2416 7984 6661 1959 4735 2051 2355 1309 4619 9852
288 4277 9865 1665 1499 5555 9414 1542 8948 6386 4750 6266 5772 8443 2031 5502 5876
289 6464 6190 2795 89 3405 7747 9640 8612 1916 7901 6935 7777 5942 5872 2307 4258 6568 6619
290 3832 2508 2238 9685 8920 4520 7029 5838 6599 5767 8142 2116 1445 3804 7285 6485 8302 7516 4245
291 149 2791 4937 4087 532 2389 437 4249 2844 2304 3625 667 2544 7713 4886 9565 9056 3104 6739
292 9129 5889 578 9994 3451 6525 1118 356 8758 5870 5369 2127 2553 330 1004
293 4531 7537 3393 7202 7559 129 6424 9733 9090 4944 1352 6851 1841 5251 8532 1207 1720
294 7472 5482 7018 4541 3653 5740 9153 6712 1095 8830 3808 5257 5478 9077 2315 5964 3941 4342 577 6175
295 2124 2160 6767 7552 7036 3560 2917 8488 2698 369 368 6296 421 7318 8150 2101 17
296 8883 3178 2192 2532 5448 7040 2538 6112 9168 1272 5085 9021 8319 7096 1583 2399 9335 5368 3708
297 1930 4559 9173 9400 9371 3404 4272 1681 4391 9831 8505 4106
298 3997 4602 4150 9563 9073 8269 3265 4117 5430 2923 4475 9216 7848 6233 2198 1423 3840 8885 6000
299 182 7093 1668 5211 4714 647 2526 7363 838 101 5096 7687 492 2481 8762 6921 2422 5910
300 6865 6519 6022 6888 8145 8499 8234 4988 4962 7086 402 4671 2210 8282 1423 9589 2617 4691 1964
301 5074 5600 9109 9818 6947 3959 1638 3146 8157 1207 8202 6413 971 1555 7050 7577
302 4212 1315 688 2818 5075 8981 5017 7533 677 8685 7021 8842 1446 6351
303 6496 7762 9873 7267 2850 6085 1670 7699 2256 3312 8434 9195 8340 792 4719 2915 7787 8368
304 1762 5393 4210 9578 8688 8109 4731 8345 7956 3923 4587 5175 2699 5366 8495 9841 9285 2018 9362 652 13 847
305 8965 6410 6635 2973 2933 9478 1929 5751 8837 9548 9654 6457 8466 9259 9674 9645
306 2870 5748 8260 2391 7037 5212 8143 5428 8816 532 3942 5645 4589 6748 1380 8004 3754
307 2711 5901 7698 4507 7331 9757 2810 875 6406 707 9755 9481 9349 165 1961 9928 6743 2486 5294 9579 4243 2893 172 3491
308 2601 202 131 8331 3103 8341 18 63 6385 6526 2970 1711 6736 9628 5268 862 6188 3160 5802 5400 4286 6346
309 733 1672 6936 5160 2866 6851 9778 8918 2452 1105 5011 3642 7292 798 8789
310 3227 7054 8085 8478 2355 5596 9309 6406 4442 2401 4132 2339 2319 5728 4855 7399 1414 3572
311 210 3659 2552 7770 8720 3545 8275 1697 8677 3319 1336 2324 6863 8878 8711 1260 695 2884 4845
312 8930 6695 3794 3016 6336 7741 8190 3231 130 1443 4174 6014 5534 1761 3859
313 3529 2787 663 7486 9295 8462 2929 5340 4584 2074 895 4051 728 7525 1622 5183 6922 676 1761 6979 463
314 5514 3858 2837 4354 2721 53 3409 30 2867 6477 1848 7822 1940 3535 6030 9495 3669 738 7582 2925
315 6666 7172 9877 2819 4814 8431 6530 3828 3251 7220 3994 3284
316 5587 7309 4933 7795 2107 6572 8067 603 8759 9566 2173 2898 6117
317 8687 2638 3207 5737 9474 7839 5875 6777 5395 3821 2725 3633 2569 4970 3460 5950
318 5388 2480 7657 1364 4679 9866 2983 8188 5803 2396 8518 4879 4161 829 2168 2639 45 1978
319 517 310 4081 4742 8594 1238 9159 7159 1745 4926 1858 8864 1865 9255 2327 9659 6859 376 1613 6512 8294 9083 742 1036 220
320 7551 4616 7852 2344 3743 2737 555 1465 851 5413 2591 6706 8824 8797 9347 1425 4832 2391 7713 9316
321 7393 379 2286 8163 9376 7647 5234 5072 7022 5150 8363 7557 2407 3675 1352 1220 3127 4695 4309
322 9107 4300 979 8459 5848 5947 3524 2361 9526 2616 5335 2249 3038 4453
323 6051 7244 9676 76 5111 6725 1146 7013 3607 8143 1472 7725 2101 2383 6641 7697 3308
324 7974 677 7734 8894 8939 5564 2314 8635 4590 462 7062 707 9211
325 8228 3208 137 6352 7964 7340 5785 6671 5876 9450 1289 5074 2464 1091 4352 4256 1779
326 8952 2310 3075 8583 2368 4778 39 4510 183 3918 3835 6890 6997 5623 3704 7293
327 105 2709 7969 77 9942 3230 1125 6266 2985 6810 3997 5340 5193 9372 9281 8539 2029 4884 8403 7008 9145 1798
328 6928 3304 6543 6397 5787 3485 7656 9664 9499 9551 709 5734 2771 2475 1859 3864 6538 427 4955
329 7997 608 2195 6166 9015 6777 1838 4783 437 7061 440 2302 5375 8516
330 226 3500 8462 3857 2000 2978 7980 5432 8583 2574 9232 3298 6770 2884 1365
331 662 1093 9262 908 2155 3003 8614 8448 7191 3238 1669 2232 7831 3032 6771 3222 170
332 2683 5758 7210 1523 5107 6550 7199 9090 9284 358 3385 255 7074 8086 9013
333 9775 390 936 8122 2491 1849 6019 8113 3527 970 2439 1772 8193 4924 2413 5512 1206 9804 901
334 6020 2197 1916 2211 7435 5005 8234 9917 3885 3675 9340 3066 8263 1961 3156 2452 7064 9347 18 8177 3699
335 2594 1562 9401 559 2440 8470 7254 8084 703 7118 5690 8135 9135 5169 8870 6434
336 3373 2833 1832 7137 1752 3005 2644 7719 9946 7358 5176 8218 751
337 4409 7857 3771 1156 8401 575 6423 722 727 4144 4667 382 6343 380
338 8852 8687 5992 9261 7200 6619 312 7663 5784 3408 3381 9717 981 7185 8997 3956 1746 8936
339 3121 8651 6222 5112 4517 2822 5973 1148 6436 7044 9077 5797 9436 1903 8758 196 9337 3275
340 1686 8464 3086 34 5628 3889 3363 8888 6149 881 2189 9027 2247 1086 5379 5062 643 1789 5038 8572 760
341 9160 6653 4670 583 2027 8460 9959 8663 1717 9984 7972 1765 7846 4575 7452 7895 2616 5661 4497 9545
342 8882 1092 5898 2674 5481 8136 4327 3532 6537 1398 6295 4277 4310 465 1567 6732 6057
343 3629 9884 5926 60 6466 6310 3555 7274 5781 6482 9498 9049
344 7796 7233 7338 5170 9301 5833 2102 1539 8896 3504 7746 6574 5283 4835 188 1588
345 7065 5546 3174 5677 8996 3031 3138 2951 558 446 8655 4736 535 4070 3051
346 8249 193 3781 6991 9039 4669 8129 7291 5724 3072 3189 8335 7567 7833 7041 3720
347 6176 3256 7641 1454 3746 6917 5708 3870 9876 5431 665 5996 7418 3388
348 351 7851 3818 4325 9705 9678 2465 4562 8270 3265 951 9908 1271 1351 6177 81
349 511 7824 3 3344 7395 5726 9026 1500 7012 3807 303 6780 142 2114 8278 5511 9370
350 3699 4546 4334 8357 321 3456 1454 8031 6301 5082 2483 9499 1395 8084 3397 7691 2618 238 5098 6521
351 2137 1330 1610 868 9747 8662 3163 7955 1442 8405 9060 3391 427 393 6123 5869 8591 3064 8333 4171
352 6880 2325 2327 9955 992 5385 2456 6705 896 7598 3431 8812 3959 5254 2877 6534 3810 7965 6490 2639 6903 5738 5572 1009
353 939 8242 6758 4628 3027 5779 199 3697 712 5658 4613 8372 1201
354 9400 9990 7637 4269 5756 9936 6945 5860 4661 1505 6141 756 9045 2033 254 1393 2518 3883 4677 6959 2120 6960 5163 878 4704
355 8781 1296 5255 6681 4214 4249 2275 977 9749 3537 7614 4976 9558 2560
356 476 9708 3509 8659 8907 9385 1451 2079 6893 8666 7278 5980 3463 8789 7496 4997 9070 9141 3798
357 4635 1311 5941 8421 4788 6810 7893 1889 4069 6628 5127 5764 8938 8908 1501 6130
358 1141 7981 8569 4218 212 5634 5755 6076 1261 9218 4175 3194
359 3541 2269 5578 5670 6986 7732 3736 9713 7272 5342 3813 2064 6048 2708 8852 3832 1219 5794 7238
360 4946 2209 6709 6178 1901 5925 4739 8388 6270 9426 9223 6785 674 7974 8661 2767 8171 8841 4565
361 2085 6955 6500 3876 3888 9286 4579 2894 9591 9979 2383 36 708 5915 7893
362 3524 7260 6946 2657 947 7258 1231 4104 2728 758 6005 1086 2093 3082 7095
363 8672 5035 9319 154 1145 8362 4127 2705 7611 8376 5951 1240 467
364 1077 790 1667 7692 8310 6462 51 1157 1373 3447 4743 2807 8936 6230 7751 4145 6799
365 7239 1034 7142 1179 935 3155 3152 8555 223 5308 5678 6547 7483 1920 8927 4045 6772 5933 3661
366 8732 812 5295 9904 6727 1628 8124 5434 5637 4415 5597 2764 7611 5980 4437 8081 6815 475 6768 8922 3677 8706
367 8118 7243 2810 4153 9303 6413 8713 2041 2070 8988 3939 1294
368 7316 8045 4808 7108 2333 2774 2123 5869 1866 8523 4299 2112 3345 8106 6427 324 6028
369 9903 4004 2254 7575 7752 3264 4490 1843 2605 1723 9344 2398 2550 6968
370 4260 7324 5168 7824 2128 8948 7676 1481 7116 5787 1884 9732
371 5680 541 2058 7313 4641 8030 4860 3020 5067 2025 4063 3704 305 6614 4197 2875 2840
372 3219 640 6844 8571 935 9292 5292 5348 5387 4324 6808 1075 5201 287 7616 3111 7607 2559 9688 9010 5271 1297 759 2038 2149
373 7998 7323 9383 2627 8768 5855 8562 7337 7174 5992 9368 4836 9129 6001 494 492
374 8319 7347 6130 735 1344 3513 2226 4571 1087 3789 2885 3341 6914 3593 3148
375 1956 5230 5862 6099 815 5089 5219 9397 7811 7865 9781 6570 5183 154 5868 2583 2139
376 7335 1675 8231 2994 521 7056 2030 3710 345 9691 7090 6086 9007 3830 1846 2907 438 9216 9846 5483 7275
377 2680 8978 3633 5250 2820 6683 6979 1272 7605 7720 5906 5362 235 1281 955 5270 2458
378 9818 9340 9225 7182 8630 1016 2536 9604 9167 716 858 5763 9040 8155
379 6471 5142 3488 9193 3425 4905 4068 6234 4953 1422 4317 2426 3366 2369
380 4999 2134 4497 5122 9227 5943 2203 1889 674 9751 518 8058 9819 1387 9544 5349 6410 1180
381 8145 7951 4437 4413 4533 678 4893 4302 5852 9794 1955 3520 5360 9356 8634 3983 5702
382 8893 6487 1466 3069 3767 4065 5556 9043 931 6470 6892 4441 8250 3533 9304
383 529 6280 3860 4340 5287 7455 6539 7449 372 1010 2679 8919 6855 1569 7554 4296 1296
384 8264 7347 4635 3028 5054 1941 131 6970 4644 8746 4171 6774 3623 1627 5182
385 660 1769 4765 4340 8535 110 8189 7851 3602 7454 7933 3976 1570 6429 7082 7728 3666 9224 9675 5676 232 8614 130 9936 3352 755 6362 6677 8991 2095
386 2270 8456 5402 4815 6101 9560 6778 208 8457 1106 6773 4095 2463 6717 2633 1277 5409 9432 725
387 5595 7362 7226 8212 5515 5264 5738 6983 5365 6829 6005 28 1164 7629 3132
388 526 8150 1579 6982 9759 721 3635 8360 4315 1853 7104 4197 2540
389 1859 4237 8406 2542 6891 7049 2844 6836 6398 3610 6131 7693 1120 2524 6040 3789 6674 4820 4399
390 9802 2350 8392 2655 1445 8800 7733 6010 554 2115 2239 9519 3937 6174 4705 6218 233
391 2794 4152 6967 4439 1649 2943 9881 2796 442 1479 6733 1252 5972 7383 8180
392 3496 2067 3575 921 2102 8440 3819 7541 3489 8916 3296 6715 933 3349
393 5682 5107 8286 6989 7736 6525 7630 1174 9621 7998 7613 1731 739 5177 4572 6924 7261 9080
394 43 132 7032 3803 9682 9906 2543 1185 1904 3541 6576 6104 7121 2452 9607 9468 3806
395 4692 6737 4522 2271 943 7903 817 5161 5663 1981 8958 1877 7162 3656 7192 6716 948 4791
396 4330 7837 4234 5795 640 9883 4965 9440 5370 2080 3293 5269 815 3394 951
397 2109 1376 3134 3106 948 4664 8196 5443 3657 5145 4449 8296 5214 1623 1050 522 3468 3327
398 673 4788 4602 4757 6945 5995 9381 5877 9459 5604 5457 3017 4672 7899 5355 1353 3672 5638 8133 3285
399 9423 9600 9193 2368 2769 5882 4434 8143 2859 1805 745 3597 4514
400 9185 965 7141 2855 61 4658 2954 1719 9594 4527 5216 1177 8615 6669 1675 9720 6692 474 3159 4577 8592 2750 3875 1557
401 6388 3164 2050 207 1478 6457 8790 4257 8418 8119 6753 5902 8053 7503 1652 9480
402 6133 5533 6119 132 4238 2580 443 1410 2746 2408 6968 9659 7009 6147 6797 9085
403 5090 7413 5446 925 5309 3025 3434 6862 3970 6364 8170 8747 5433 7780 2366 4411 631 5082 7429 3267 553
404 208 3783 8177 8265 4917 2097 8615 4755 5857 9208 8033 6065 6973 5700 597 7360
405 1436 276 7008 683 5326 2434 8935 2433 934 4970 7085 3093 3415 2973 2799 349 9003 1959 1957 7289 4357 8388 3079
406 8259 1233 3375 4938 6015 9467 2988 3822 8313 8439 5278 8628 5317 2079 4026 6486 6873
407 6025 4133 4697 3537 5468 2554 4021 9182 1449 1695 7708 6594 3422 5981 4108 4047 9235 4218
408 5956 8432 7458 4940 2996 6324 1616 1774 9568 139 1246 5223 7719 3670 3562
409 1360 9806 4054 3337 9533 8403 910 488 3446 3417 4372 7117 4763 273 7969 3474 1721
410 1514 513 9271 6883 6503 5122 6196 6311 2924 5311 2146 106 8105 9358 9051 191 1256
411 1640 7306 7630 3297 271 4091 3936 1368 6618 3797 1834 6348 2872 6602 7549 9391 6898 5565
412 2401 737 6280 4671 7856 2767 2321 5500 738 5695 4226 4903 9833 8900 9004 8658 3895 6588 9341 4802
413 5504 1833 7643 6978 8649 5889 6139 1942 9032 4684 9268 6269 2265 5027 1939 206 1619 7256 6075 7429 3958 4444 5143 1898 3871 6984 6610 2194 1979 6274 4308
414 8969 3202 9066 3099 6739 9608 3106 2673 9047 5783 7123 3009 2729 227 110 2589 2066 4134 4591 5997 8899 1305 7192 9602 3103 3020
415 1541 6478 134 3225 1680 1880 2389 5656 1650 8495 5845 4607 6614 6163 7624 2426 4805
416 7169 8157 7801 3690 5065 9314 243 5276 2575 7613 1674 1992 5483 3982 7356
417 167 8204 634 4246 2649 941 6333 5178 783 4159 4746 1601 1193 8660 8494
418 2750 1199 6939 9609 1424 8618 9296 9940 7034 1715 3717 1026 1749 9656 4942 9352 7781 108 2038
419 6021 1731 2335 2926 9230 6701 246 790 7949 5179 6150 8854 1845 9628 5836 4821 205 4013 235 8195
420 9637 1878 714 7028 6139 4766 6225 7304 2590 7151 9920 2177 8519 5703 1567 6103 6793
421 1118 1238 1851 7006 1072 4150 9901 8386 1773 2540 1948 1425 3795 5040 4741 5536 3474 3427 4893 8815
422 4870 8224 9366 6840 5742 9005 2212 9965 5359 7331 6928 7641 7924 6231 6583 3531 4203
423 2283 8242 3096 6544 4760 9460 1538 3742 9120 6153 4695 7939 1645 2292 9332 9141 5277 1512 1061 3409 3100 4928 9638
424 5583 7893 9688 8757 1317 3821 5029 2233 457 7280 4892 7887 2175 7883 6408 8582 7810
425 7063 830 7473 3465 2655 8361 2546 3743 7178 5438 2403 1647 2549 6460 2462 9945 5799 652 6437 5767
426 551 3991 4920 8009 3095 6116 701 3846 6333 449 82 6926
427 2878 6883 5040 4462 2907 7356 2294 243 2666 6867 7457 8538 8025 571 3379 1034 7448
428 3398 1510 4191 1536 6842 4627 8343 1381 3923 4150 39 1292 3032 8116 7302 4379 3616 7591 6041 776
429 6528 860 9045 3856 9309 4036 7702 8036 9176 1781 6280 8809 4913 9293 9481 7436 3784 7521 5171 9952 2255 5307 6141
430 5530 8558 8513 8156 6549 8202 4689 6879 33 8526 6271 8798 3012 4012
431 2846 9403 41 9379 7836 67 2308 953 7734 5162 4786 1412 3865
432 5674 8738 3975 1835 9803 8175 7632 6260 6940 4084 3088 7138 9290 3214 4586 1743
433 3134 3064 4762 2070 8853 4553 5095 8428 2161 4039 9534 1973 6123 5103 9139 6338
434 9062 8169 3307 4668 3132 8049 8501 456 5705 8180 8254 6729 3703 4420 9709 9653
435 1937 81 1025 1060 8463 2532 1361 6722 4906 4960 8701 8473 4178 8977 5462 2274
436 5692 3900 155 3638 3706 9091 1794 1130 9731 6768 7668 293 5323 6203 3119 2193 6250 2701 5300
437 6860 3140 1117 1190 7248 690 1426 5026 6101 2368 9837 1369 9097 524 9044 7634 3441 190 6015 7126
438 4044 7536 2532 9886 9162 4767 6154 2783 6853 5905 3473 4749 5793 5754
439 4730 1319 838 2100 8742 5104 6082 4898 1009 3863 9868 482 4228 2618 6611 5742 1147 5554 7207 7597
440 2409 1942 5890 4511 3736 691 2887 1690 3154 8570 7459 2302 1055 2895 7862 8060 3088 8712 7053 6011 4418
441 3845 6837 1415 1220 3707 1182 8610 6310 9463 5154 2225 6573 592
442 6356 398 9042 1757 874 9811 658 5468 8978 1476 2920 9206 366 8461 5743 7978
443 9256 4580 3813 583 8764 2812 8250 7490 527 5995 9805 2087 2337 5815 9844
444 7469 978 2911 75 9822 7024 2906 8486 8532 6173 1571 8914 3083 2879 646 3792 9837 1786 670
445 9436 9595 2135 7500 1419 7353 4973 1876 3985 8431 2806 1432 5752 142
446 8167 9086 2318 4102 1323 379 9260 1898 4529 1826 675 9886 535 6603 5909 7135 6414 6809 8686 4463 4389 3753 7336 1185 9821 6458 6428
447 3876 5668 8681 6636 4365 8077 4528 3680 218 6103 7650 2060 6222 987 792 1878 6249
448 5157 7349 3250 5421 2003 3825 7307 6742 779 759 4341 4785 9241 8480 7569 3683
449 1994 4912 9393 4299 5132 1855 8995 685 5461 6656 112 5635 5199 3495 1107
450 9238 5872 7048 1958 5553 665 7991 7147 9146 7950 8508 755 5358 3193 9635 5671 865 6999 2939 1167 6608
451 9740 3508 4173 8716 6786 4478 332 1489 5817 8350 9268 267 4645 7826 9947 1638 2578 9046 1874 2513 1572 3914 1389 8337 8748
452 9485 4660 5978 8029 3236 1310 9442 7350 1340 9839 4066 343 7169 2624 9945 3841 4702 5912
453 8812 5856 3095 2947 8574 4567 8967 3728 5515 1609 2438 5946 4294 4837 8054 3684 5416 7381 6554 7336
454 8804 8117 1111 331 4402 3808 1888 1264 733 4300 1164 760 7721 6980 6073
455 6408 6801 6574 309 7484 6484 6884 4908 2345 5730 1852 7213 6070 7188 5043 3943
456 2449 1421 4664 816 5928 9245 2516 7835 4491 8097 3460 3318 9069 3758 2828
457 9388 4921 6628 7659 1077 7819 3243 8469 3336 1194 6046 1012 10
458 5437 9563 3052 2817 7745 1176 7845 3752 6919 8548 2595 2804 2111 7212 8906 6091 8608
459 7566 6281 737 2345 2262 2158 5474 7025 8925 3073 8451 8762 1778 4040 9172 7899 5997 5884 9354 1007 8221 4382
460 6467 8946 1962 3183 52 5752 1651 7209 4078 9149 8211 5330 7604 1066 7651 182
461 9728 946 7005 8880 8093 7039 9573 8367 1512 3999 3292 5415 8508 4616 971 4706 9005 7663
462 8715 1000 8918 3799 2569 2169 641 6741 5506 6258 6702 8653 1808 6134 9433 6327
463 2599 6613 2344 1646 2935 8822 2673 6433 7568 2723 2643 6515 523 1459 6731 9529
464 3992 8301 2460 6162 9569 1657 8191 5406 8569 3342 3151 8309 9014 2202
465 8055 2741 7633 7773 2730 2979 1615 7688 155 3098 2773 7630 9405 4307 111 6692 5286 715 1969 150 4504 3518
466 4643 6184 724 4169 3572 3568 2313 2483 3007 5649 4703 5200 2222
467 802 1156 3762 9254 9986 9023 6800 4397 601 5141 7562 5964 3722 3255 8338 8911 8125 9933 9200 770 9555 2565
468 7290 8644 349 1237 6332 3781 884 718 7092 6282 8705 5254 6257 633 5444 3234 6673 1301 7767
469 323 8256 6256 2201 8632 2649 6941 1036 2570 7373 9643 4055 9655 9171 6449
470 2418 4557 4252 9952 8061 4771 9507 2137 9815 1337 8924 6983 5145 7951 7976
471 126 6504 6376 5033 9517 5842 6899 3045 7683 7134 3211 9753 196 5185
472 9950 550 1646 1363 4705 388 6050 9438 2711 9093 328 6833 6871 2979 1555 2331 5826 3507
473 1569 8114 3550 5654 6448 8904 3330 152 5356 6785 6473 952 5770 395 3596 5188 937 4433 7993 5962 9107 6053 5350
474 2692 6650 5556 2466 3274 1181 3991 2292 6024 9885 7239 661 4505 1459 1521 1997
475 8117 9867 9198 512 163 9618 4369 195 8908 638 7511 2890 6934 915 6364 9233
476 1391 7677 8512 4464 9624 1342 8515 4798 1020 2117 4989 9592 5655 5459 4644 648 8130 1039 866
477 2545 9931 4493 2661 8928 5897 6545 6140 6063 6236 511 2123 2462 239 9712 7202 8854 4348 6251 123 8949 232 9292 8270 1328 4766 872
478 6214 1923 5333 2382 7143 5282 382 8723 4222 6825 8308 356 1138 3273 6642 6990
479 8855 6163 2248 4240 7650 9344 8559 3690 7880 1132 1943 956 9013 3377 3190 405 2614
480 6672 3056 9298 8794 9743 2447 3630 2376 6285 3705 5400 7068 1124 532 3260 784 6209 5189 5045
481 3125 3552 4537 4549 5659 3682 1132 2406 4314 7361 8578 805 2685 4728 8445 1079 6460 5397 7068 4051 8843 5716 6521 7477
482 1065 8314 8253 2322 4166 2651 1912 667 7252 7194 829 7642 5891
483 5936 9887 9030 6469 2512 3251 6648 5418 8841 2847 5517 4045 3141 2279 7806 8793 944 3437 6404
484 5710 5831 1140 8814 1019 5836 1682 8719 789 9669 7216 1838 3149 9770 8734 9697 7117 2873 7950 639 3147
485 2144 4882 2156 6685 6728 5768 9822 4801 4566 989 7353 1540 1293 7482 6633 3901 2790 9971 1736 4513
486 5322 1807 7259 7256 6305 5207 9199 1434 813 4771 7952 2616 7386 345 687 6698 9711 2936 6699 3914 1314
487 2235 9425 3901 5082 4343 7686 9907 9342 4925 9450 4774 4024 5126 1522 3269 8107 1106
488 3610 1685 514 8999 6229 1169 9353 5031 6059 1149 3967 450 7919 3352 3108 9087 625 6798 6839 6992
489 5462 731 4393 431 1935 1807 273 2596 9416 6790 5406 753 1167 526 1241 6468 2802 8176 934 4148
490 6908 1377 7301 6780 8238 6967 5253 3805 1113 2301 2798 6003 3121 3081
491 1120 5288 7306 8043 3388 9624 44 6329 2001 7925 7852 5985 5660 285 1354 1198
492 2285 2187 5023 7771 3395 8823 2308 7219 1179 5578 7320 1639 8528 1796 744 3677 175
493 4752 2136 8210 56 1801 3250 7948 7806 6476 7777 1236 4206 1817 1982 2747 2608 5534
494 9611 3042 4198 7391 6011 9650 8304 3005 3343 6226 4984 2036 4639 7987 9660 8488 1306 3395 4606 8966 325
495 8743 893 676 3795 2909 7048 4055 7206 6045 1561 7193 46 8207 2957 2811 2922 5880 5737 1750 5993 701
496 5343 3101 5895 8581 6453 4078 8387 8336 9443 6095 1366 5860 1464 5617 1139 1504 9430 1852 5688 7321 798 3869 7025 3970
497 1457 136 7057 8787 5884 3410 9315 4220 3987 4733 9276 329 4716 4886 2660 5956 4853
498 6170 3656 8514 3336 8690 1957 1624 5109 1209 6764 9239 666 8624 3013 3293 9199 6711 4843 6360
499 8245 1402 6738 3115 8622 2321 2017 5654 319 8753 7504 104 1129 867 1085 26 138 671 7790
